$ANSIBLE_VAULT;1.1;AES256
66666137303938353332626535333334326463633866376462363835626466333330383336333865
6365616639633366383864623963663662386361363165340a393233333332303037353738396534
37646333613762353761376631653938626564353262303337323831343830616331666164313330
3336353631346137650a623238343333366465653134623530663136356135303964333739626637
31333535656665653937313930326162376539333333616361303230653637323335653861336131
62346430376661386165353162353836323232633034393938373833663334643330663665663832
63376132393939306135383464613965376234323062656533323338323063616630326538336634
32353231316637663164616464623161346435326633646131393366316139383861623534303930
62626363316362373031303331356564333965343734366238396266636631373334306638373164
36333866373738656463306339353436323165363666326632666432333033303363386166663033
32376232656562666433653161373239356536636436643835646633343261643036343638306336
38383739613035376161353764306563333839303039656633613934326335396231323638613533
64393164633335653861653134313532333639363130643436616339383466316363343539356630
3333316138613661346662373065383362623364373563373537
