$ANSIBLE_VAULT;1.1;AES256
33373664326133653264303365616431656561616638386636623635346431383966346132633535
6635633363313162653736343539323764666536663936310a366166366637323039323961613461
38396165656265656661656462356566393836366637303961393930326365336537343163633330
3761623062656634660a373939653564643437613035393235363064353462636634373132613264
64643061386435626161646537303734653265313930626564383633666266353430616432343864
34353765313762663337386432666139383039363735393165626465346265633866663939323062
35393337393465373035386562393961623632663733663737666235326661373334313233646663
32343332326365643538313464643931343166376539393966393263303138613739383432313964
37336334356362316437336365306263633538613165613338623663313135616638396164383065
65616262316564396537633866383330396632383638663531323131623766396437333131393438
653533656366643233373061333634313566
